#- Number of receivers. -------------------------
Nreceivers=3

#- Receiver positions. --------------------------
x0=-10e+03
y0=5.773502691896257e+03

x1=10e+03
y1=5.773502691896257e+03

x2=0
y2=-11.547005383792515e+03