#- Number of receivers. -------------------------
Nreceivers=11

#- Receiver positions. --------------------------
x0=1.526417e+03
y0=2.860836e+02

x1=-4.310811e+02
y1=-3.572577e+02

x2=2.094357e+03
y2=-1.578031e+03

x3=-7.016717e+02
y3=-3.219893e+03

x4=1.985810e+03
y4=2.804968e+03

x5=4.547131e+03
y5=-1.909299e+02

x6=-2.793365e+03
y6=3.870398e+03

x7=6.766186e+03
y7=-1.240215e+02

x8=-4.371068e+03
y8=5.157635e+03

x9=-2.235198e+03
y9=-5.150916e+03

x10=-4.029500e+03
y10=-2.187973e+03

