#- Number of receivers. -------------------------
Nreceivers=36

#- Receiver positions. --------------------------
x0=-4.310811e+02
y0=-3.572577e+02

x1=6.766186e+03
y1=-1.240215e+02

x2=-7.016717e+02
y2=-3.219893e+03

x3=-5.876575e+03
y3=4.070235e+03

x4=3.582683e+03
y4=-1.200436e+03

x5=-1.242058e+03
y5=3.526313e+03

x6=1.553555e+03
y6=-2.709370e+03

x7=1.057098e+03
y7=1.651214e+03

x8=-4.029500e+03
y8=-2.187973e+03

x9=6.154927e+02
y9=-9.342454e+02

x10=-2.235198e+03
y10=-5.150916e+03

x11=-2.508511e+02
y11=-4.440666e+03

x12=2.546048e+03
y12=-3.408635e+03

x13=-8.185882e+02
y13=-1.544521e+03

x14=3.311588e+03
y14=2.505378e+03

x15=2.761890e+03
y15=-2.143478e+03

x16=1.985810e+03
y16=2.804968e+03

x17=-6.470663e+02
y17=2.583271e+03

x18=2.987050e+03
y18=1.440392e+03

x19=-2.487168e+03
y19=-6.900243e+02

x20=5.071222e+03
y20=-1.788742e+03

x21=-1.955420e+03
y21=-2.476578e+03

x22=-1.981996e+03
y22=2.306040e+02

x23=-1.621280e+03
y23=1.895435e+03

x24=-2.397133e+03
y24=-1.844222e+03

x25=2.094357e+03
y25=-1.578031e+03

x26=-3.127168e+03
y26=2.838477e+03

x27=-2.793365e+03
y27=3.870398e+03

x28=-2.955414e+03
y28=5.379331e+03

x29=4.976790e+02
y29=3.082699e+03

x30=4.547131e+03
y30=-1.909299e+02

x31=4.871715e+03
y31=4.749361e+02

x32=-5.906127e+03
y32=-2.066029e+03

x33=1.526417e+03
y33=2.860836e+02

x34=-4.371068e+03
y34=5.157635e+03

x35=5.604067e+01
y35=-3.741402e+03

